690 54 690 335 914 335 914 54 
100 100 100 974 900 974 900 100 
690 54 690 335 914 335 914 54 
100 100 100 974 900 974 900 100 
100 500 100 800 400 800 400 500 
690 54 690 335 914 335 914 54 
100 100 100 974 900 974 900 100 
300 182 300 600 791 600 791 182 
100 500 100 800 400 800 400 500 
690 54 690 335 914 335 914 54 
371 420 371 974 875 974 875 420 
100 100 100 915 900 915 900 100 
300 182 300 600 791 600 791 182 
100 500 100 800 400 800 400 500 
690 54 690 335 914 335 914 54 
371 420 371 974 875 974 875 420 
200 100 200 915 900 915 900 100 
100 200 100 800 700 800 700 200 
300 182 300 600 791 600 791 182 
100 500 100 800 400 800 400 500 
690 54 690 335 914 335 914 54 
371 420 371 974 875 974 875 420 
256 199 256 915 818 915 818 199 
200 100 200 700 900 700 900 100 
100 200 100 800 700 800 700 200 
100 400 100 600 700 600 700 400 
300 182 300 600 791 600 791 182 
100 500 100 800 400 800 400 500 
